PLAYER_NAME,PLAYER_AGE,SEARCH_DEPTH,player_win,moves
Pim,22,0,yellow,[3, 3, 3, 2, 2, 2, 2, 3, 5, 3, 1, 2, 4, 3, 4]
Pim,22,1,yellow,[3, 3, 3, 3, 1, 3, 5, 3, 2, 2, 4]
Pim,22,2,yellow,[3, 3, 2, 2, 4, 3, 5]
Pim,22,3,red,[3, 3, 3, 3, 3, 3, 1, 2, 2, 2, 2, 1, 0, 1, 1, 2, 5, 6, 1, 2, 1, 5, 0, 0, 0, 6, 5, 6, 6, 5, 5, 6, 5, 6, 0, 0, 4, 4]
Pim,22,3,yellow,[3, 3, 3, 3, 1, 2, 2, 2, 2, 1, 0, 1, 1, 0, 1, 2, 5, 6, 5, 0, 5, 5, 6, 3, 5, 3, 6, 0, 0, 2, 1, 4, 4]
Pim,22,3,yellow,[3, 3, 3, 3, 5, 4, 4, 4, 4, 5, 6, 5, 5, 6, 5, 4, 1, 0, 1, 6, 1, 1, 3, 6, 6, 6, 4, 5, 1, 3, 1, 0, 0, 2, 2]
Pim,22,4,yellow,[3, 3, 3, 1, 1, 0, 1, 4, 3, 4, 4, 5, 5, 6, 4, 5, 5, 4, 2, 3, 2, 3, 2]
Pim,22,5,red,[3, 3, 3, 2, 2, 2, 2, 3, 3, 1, 1, 1, 2, 1, 4, 4, 4, 1, 1, 4, 4, 3, 5, 6, 5, 5, 6, 2, 4, 6, 6, 0, 0, 0, 0, 0]
Pim,22,6,yellow,[3, 3, 3, 2, 2, 3, 2, 3, 2, 2, 3, 2, 5, 6, 5, 5, 6, 5, 5, 6, 6, 1, 0, 0, 0, 6, 0, 4, 4]
Pim,22,7,yellow,[3, 3, 3, 2, 2, 2, 2, 3, 3, 1, 2, 1, 0, 1, 1, 1, 5, 6, 5, 5, 3, 6, 2, 5, 5, 4, 4]
Pim,22,7,yellow,[3, 3, 3, 2, 2, 2, 2, 3, 3, 1, 5, 1, 0, 1, 1, 6, 2, 6, 5, 6, 6, 1, 5, 3, 5]
Pim,22,8,yellow,[3, 2, 3, 3, 3, 5, 3, 5, 3, 5, 5, 6, 5, 2, 2, 2, 2, 0, 2, 0, 5, 4, 4, 0, 0, 1, 0, 4, 4, 4, 4]
Pim,22,9,red,[3, 2, 2, 3, 3, 2, 3, 3, 2, 6, 2, 6, 6, 3, 2, 1, 6, 1, 6, 6, 5, 5, 5, 1, 1, 1, 5, 1, 5, 5, 0, 0, 0, 0, 0, 0, 4, 4]

Unknown,10,2,yellow,[3, 3, 1, 3, 3, 4, 1, 4, 4, 5, 0, 2, 1, 1, 5, 6, 0, 0, 3, 4, 4, 5, 6, 5, 5, 0, 6, 0, 0, 1, 1, 4, 3, 5, 6, 6, 6, 2, 2]
Unknown,10,2,red,[3, 3, 3, 1, 3, 1, 3, 3, 1, 0, 1, 0, 5, 0, 0, 4, 1, 1, 0, 4, 4, 4, 4, 5, 5, 5, 5, 4, 5, 0, 2, 2]
Unknown,10,2,yellow,[3, 3, 3, 1, 3, 1, 3, 3, 5, 1, 1, 2, 2, 0, 1, 0, 2, 0, 0, 2, 2, 0, 1, 2, 5, 5, 6, 4, 5, 0, 5, 6, 5, 6, 6, 6, 6, 4, 4]
Unknown,10,2,yellow,[3, 3, 2, 2, 1, 3, 0]
Unknown,10,6,red,[4, 3, 3, 2, 1, 2, 2, 3, 4, 3, 4, 4, 2, 3, 3, 2, 4, 1, 4, 2, 6, 5, 5, 5]
